{"asset":{"version":"0.0"},"properties":{},"geometricError":1000,"root":{"boundingVolume":{"region":[2.110868145486788,0.5360085204249253,2.1291941026327286,0.5541030262525889,-350,50]},"geometricError":500,"refine":"add","children":[{"refine":"add","transform":[-0.8545146683299003,-0.5194272630590739,0,0,0.26547075084712485,-0.4367284252186455,0.8595310134315721,0,-0.4464638418211536,0.734481858861743,0.51108359096071,0,-2850100.5034153285,4688727.103078241,3240773.7544706254,1],"boundingVolume":{"region":[2.11654046555577,0.5362254273336627,2.1174131301817685,0.536664278142497,0,50]},"geometricError":500,"content":{"url":"0.b3dm"}},{"refine":"add","transform":[-0.8540611065025447,-0.5201726889790053,0,0,0.2658516620028764,-0.43649651245892557,0.8595310863613388,0,-0.4471045964536232,0.7340920706910994,0.5110834683087456,0,-2854190.900876043,4686238.80226452,3240772.97537393,1],"boundingVolume":{"region":[2.1174131301817685,0.5362254273336627,2.118285794807767,0.536664278142497,0,50]},"geometricError":500,"content":{"url":"1.b3dm"}},{"refine":"add","transform":[-0.8490285346485652,-0.5283469952148021,0,0,0.27151467611218605,-0.4363111926119473,0.8578533230437677,0,-0.45324422556520755,0.7283419498072524,0.5138946157946832,0,-2893412.5332452226,4649576.557611056,3258629.9044220075,1],"boundingVolume":{"region":[2.127012441067736,0.5392822720204885,2.127885105693733,0.5401549366464857,0,50]},"geometricError":500,"content":{"url":"10.b3dm"}},{"refine":"add","transform":[-0.8540611065025447,-0.5201726889790051,0,0,0.271197823906147,-0.4452742684760881,0.8533361390106802,0,-0.4438821540321477,0.728801207102071,0.5213611357383142,0,-2833720.5528447763,4652628.948343909,3306061.148417624,1],"boundingVolume":{"region":[2.117413130181767,0.5480089182804603,2.1182857948077642,0.5488815829064574,0,50]},"geometricError":500,"content":{"url":"100.b3dm"}},{"refine":"add","transform":[-0.8536068450527358,-0.5209177997334269,0,0,0.2715862956953233,-0.4450374342106937,0.8533361390106802,0,-0.4445179839664613,0.7284135693903895,0.5213611357383144,0,-2837779.6580298156,4650154.28938168,3306061.148417625,1],"boundingVolume":{"region":[2.1182857948077642,0.5480089182804603,2.1191584594337614,0.5488815829064574,0,50]},"geometricError":500,"content":{"url":"101.b3dm"}},{"refine":"add","transform":[-0.8531519335441813,-0.5216625137862837,0,0,0.2719745606597209,-0.44480026102993325,0.8533361390106802,0,-0.4451534753809932,0.7280253769600883,0.5213611357383143,0,-2841836.6021221993,4647676.089124672,3306061.148417624,1],"boundingVolume":{"region":[2.1191584594337614,0.5480089182804603,2.1200311240597585,0.5488815829064574,0,50]},"geometricError":500,"content":{"url":"102.b3dm"}},{"refine":"add","transform":[-0.8545147175476685,-0.5194271820904526,0,0,0.27119584751511516,-0.44614693075327744,0.8528808407216032,0,-0.4430094917549586,0.7287992307110389,0.5221056133868045,0,-2828156.8895724295,4652628.45110912,3310790.6630275445,1],"boundingVolume":{"region":[2.11654046555577,0.5488815829064574,2.117413130181767,0.5497542475324546,0,50]},"geometricError":500,"content":{"url":"103.b3dm"}},{"refine":"add","transform":[-0.8540611065025447,-0.5201726889790051,0,0,0.2715850808464469,-0.445910097880324,0.8528808407216031,0,-0.44364532029683096,0.7284123545415131,0.5221056133868044,0,-2832215.996442036,4650158.647358593,3310790.6630275445,1],"boundingVolume":{"region":[2.117413130181767,0.5488815829064574,2.1182857948077642,0.5497542475324546,0,50]},"geometricError":500,"content":{"url":"104.b3dm"}},{"refine":"add","transform":[-0.8536068450527357,-0.520917799733427,0,0,0.27197410735392546,-0.44567292542743353,0.8528808407216031,0,-0.444280810983493,0.7280249236542925,0.5221056133868045,0,-2836272.9464559564,4647685.302309968,3310790.6630275454,1],"boundingVolume":{"region":[2.1182857948077642,0.5488815829064574,2.1191584594337614,0.5497542475324546,0,50]},"geometricError":500,"content":{"url":"105.b3dm"}},{"refine":"add","transform":[-0.8531519335441813,-0.5216625137862838,0,0,0.27236292674129003,-0.4454354135752229,0.8528808407216031,0,-0.44491596333099065,0.7276369383444228,0.5221056133868044,0,-2840327.736524647,4645208.417846805,3310790.6630275445,1],"boundingVolume":{"region":[2.1191584594337614,0.5488815829064574,2.1200311240597585,0.5497542475324546,0,50]},"geometricError":500,"content":{"url":"106.b3dm"}},{"refine":"add","transform":[-0.8504088326941764,-0.5261224356323613,0,0,0.27508295417658185,-0.444635997463598,0.8524248929266648,0,-0.4484798608602317,0.7249096581532234,0.5228496934291577,0,-2863086.99693835,4627809.623898228,3315517.6886845077,1],"boundingVolume":{"region":[2.124394447189744,0.5497542475324546,2.125267111815741,0.5506269121584518,0,50]},"geometricError":500,"content":{"url":"107.b3dm"}},{"refine":"add","transform":[-0.8504088326941764,-0.5261224356323612,0,0,0.2754742218931341,-0.44526843109419245,0.8519682959730888,0,-0.4482396349589139,0.7245213640709212,0.5235933752987249,0,-2861560.866922728,4625342.832221563,3320242.221782504,1],"boundingVolume":{"region":[2.124394447189744,0.5506269121584518,2.125267111815741,0.5514995767844489,0,50]},"geometricError":500,"content":{"url":"108.b3dm"}},{"refine":"add","transform":[-0.8536068450527358,-0.520917799733427,0,0,0.2731362984284953,-0.44757736074720894,0.851511050208594,0,-0.44356726272336044,0.7268556610960996,0.5243366584291597,0,-2831739.8489754517,4640257.0995481685,3324964.2587171965,1],"boundingVolume":{"region":[2.1182857948077642,0.5514995767844488,2.1191584594337614,0.552372241410446,0,50]},"geometricError":500,"content":{"url":"109.b3dm"}},{"refine":"add","transform":[-0.8485671416880287,-0.5290877111098017,0,0,0.2718953260224598,-0.43607408525376196,0.8578533230437676,0,-0.45387965115716433,0.7279461423228271,0.5138946157946831,0,-2897468.951988164,4647049.808737951,3258629.904422008,1],"boundingVolume":{"region":[2.127885105693733,0.5392822720204885,2.12875777031973,0.5401549366464857,0,50]},"geometricError":500,"content":{"url":"11.b3dm"}},{"refine":"add","transform":[-0.8548620453283067,-0.5188553588979342,0,0,0.27301170185709445,-0.4498119521090424,0.8503727526143731,0,-0.44122045975475477,0.7269513905913851,0.5261807499434529,0,-2816776.1234163702,4640898.38680713,3336679.83090614,1],"boundingVolume":{"region":[2.113922471677779,0.5523722414104465,2.118285794807767,0.5558628999144369,0,50]},"geometricError":500,"content":{"url":"110.b3dm"}},{"refine":"add","transform":[-0.8530381041359507,-0.5218486302484109,0,0,0.2743164936629088,-0.4484105315674379,0.8506929272563013,0,-0.443932938850712,0.7256734818685777,0.525662956195417,0,-2834087.5657127746,4632731.684780079,3333390.247654558,1],"boundingVolume":{"region":[2.118285794807767,0.5523722414104465,2.121776453311754,0.5549902352884385,0,50]},"geometricError":500,"content":{"url":"111.b3dm"}},{"refine":"add","transform":[-0.8513257938586282,-0.5246373916439586,0,0,0.2746966626987793,-0.44574854588530555,0.8519682959730888,0,-0.44697442456266945,0.7253025859116726,0.5235933752987249,0,-2853483.766470313,4630330.150775141,3320242.221782504,1],"boundingVolume":{"region":[2.121776453311754,0.5497542475324554,2.1243944471897453,0.5523722414104465,0,50]},"geometricError":500,"content":{"url":"112.b3dm"}},{"refine":"add","transform":[-0.8522401617370707,-0.5231507495190764,0,0,0.2729452319339796,-0.4446421778476204,0.8531085710760565,0,-0.44630438837958725,0.7270533865931398,0.521733424227899,0,-2849187.6809513145,4641476.997338557,3308426.216616262,1],"boundingVolume":{"region":[2.1200311240597594,0.5480089182804616,2.1226491179377525,0.5497542475324554,0,50]},"geometricError":500,"content":{"url":"113.b3dm"}},{"refine":"add","transform":[-0.8495660092127719,-0.5274823181778553,0,0,0.2761208821440106,-0.4447218566752053,0.8520444405307573,0,-0.44943837668171777,0.7238679950136446,0.5234694559958857,0,-2869212.383110417,4621169.714889067,3319454.9728500093,1],"boundingVolume":{"region":[2.1252671118157433,0.5497542475324554,2.127885105693735,0.5523722414104465,0,50]},"geometricError":500,"content":{"url":"114.b3dm"}},{"refine":"add","transform":[-0.8502557539013573,-0.5263697872766204,0,0,0.2738405525387902,-0.442340178094745,0.85401786786247,0,-0.4495292034372012,0.7261336060846341,0.5202436749943632,0,-2869759.8212758107,4635581.0294111585,3298962.217608223,1],"boundingVolume":{"region":[2.123521782563747,0.546263589028465,2.1270124410677367,0.5480089182804616,0,50]},"geometricError":500,"content":{"url":"115.b3dm"}},{"refine":"add","transform":[-0.8506383159532335,-0.5257513247080285,0,0,0.27273473048054164,-0.4412706177521576,0.8549245631623503,0,-0.44947772160803834,0.7272315906754755,0.5187523410083703,0,-2869416.256219611,4642566.356470863,3289488.298879421,1],"boundingVolume":{"region":[2.123521782563747,0.5445182597764722,2.1252671118157433,0.546263589028465,0,50]},"geometricError":500,"content":{"url":"116.b3dm"}},{"refine":"add","transform":[-0.8497577510363875,-0.5271733723867139,0,0,0.2726525856964959,-0.4394923191715239,0.8558662681180106,0,-0.45118990687580307,0.7272789951838665,0.5171971878285396,0,-2880331.098093349,4642843.899863213,3279609.11637969,1],"boundingVolume":{"region":[2.1252671118157433,0.5427729305244785,2.1270124410677367,0.5445182597764722,0,50]},"geometricError":500,"content":{"url":"117.b3dm"}},{"refine":"add","transform":[-0.8506383159532335,-0.5257513247080287,0,0,0.2719498288645358,-0.4400006877349598,0.8558286542137462,0,-0.4499530486759664,0.7280006451649033,0.5172594268127821,0,-2872435.7943964195,4647451.812291832,3280004.489331389,1],"boundingVolume":{"region":[2.123521782563747,0.5427729305244785,2.1252671118157433,0.5445182597764722,0,50]},"geometricError":500,"content":{"url":"118.b3dm"}},{"refine":"add","transform":[-0.8506383159532334,-0.5257513247080285,0,0,0.26998395578318074,-0.43682000727118675,0.8580774702014181,0,-0.4511353666605096,0.7299135742095453,0.5135202577627627,0,-2879946.3225717745,4659603.456498437,3256251.883033146,1],"boundingVolume":{"region":[2.123521782563747,0.5384096073944936,2.1252671118157433,0.5401549366464874,0,50]},"geometricError":500,"content":{"url":"119.b3dm"}},{"refine":"add","transform":[-0.855419987042578,-0.5179349821821998,0,0,0.2665516328578229,-0.4402359411305529,0.8574045388016818,0,-0.4440798045271862,0.7334409794719822,0.5146430382724275,0,-2834916.1804451165,4682139.739095807,3263384.109863865,1],"boundingVolume":{"region":[2.1147951363037754,0.5401549366464857,2.1156678009297725,0.541027601272483,0,50]},"geometricError":500,"content":{"url":"12.b3dm"}},{"refine":"add","transform":[-0.8522972235606509,-0.5230577814264942,0,0,0.26786602079530397,-0.43647465713529504,0.8589165667175809,0,-0.4492629938177591,0.7320522050836406,0.5121155449877337,0,-2867979.6621901607,4673233.41724646,3247328.857316448,1],"boundingVolume":{"region":[2.1200311240597594,0.536664278142497,2.1226491179377525,0.5384096073944936,0,50]},"geometricError":500,"content":{"url":"120.b3dm"}},{"refine":"add","transform":[-0.8515546290577387,-0.5242658807612193,0,0,0.2692211502247231,-0.43729055261280375,0.8580774702014182,0,-0.44986074067650544,0.7306998418401716,0.5135202577627627,0,-2871809.3980773366,4664622.811527375,3256251.883033146,1],"boundingVolume":{"region":[2.121776453311754,0.5384096073944936,2.123521782563747,0.5401549366464874,0,50]},"geometricError":500,"content":{"url":"121.b3dm"}},{"refine":"add","transform":[-0.8524683481791638,-0.5227788398096158,0,0,0.2684575245719519,-0.4377597658915606,0.8580774702014181,0,-0.4485847443386675,0.7314838836323586,0.5135202577627626,0,-2863663.7255534255,4669627.957306272,3256251.883033146,1],"boundingVolume":{"region":[2.1200311240597594,0.5384096073944936,2.121776453311754,0.5401549366464874,0,50]},"geometricError":500,"content":{"url":"122.b3dm"}},{"refine":"add","transform":[-0.8506383159532336,-0.5257513247080287,0,0,0.2707709239264978,-0.43809328082216037,0.8571799018026884,0,-0.45066346888586134,0.7291500681383969,0.5150171025757625,0,-2876948.6854801793,4654753.435494971,3265760.2930107936,1],"boundingVolume":{"region":[2.123521782563747,0.5401549366464874,2.1252671118157433,0.5419002658984801,0,50]},"geometricError":500,"content":{"url":"123.b3dm"}},{"refine":"add","transform":[-0.8515546290577387,-0.5242658807612194,0,0,0.2700058948889734,-0.4385651977422948,0.8571799018026883,0,-0.44939017618940197,0.7299355133153371,0.5150171025757625,0,-2868820.2304306347,4659767.5660498645,3265760.293010793,1],"boundingVolume":{"region":[2.121776453311754,0.5401549366464874,2.123521782563747,0.5419002658984801,0,50]},"geometricError":500,"content":{"url":"124.b3dm"}},{"refine":"add","transform":[-0.8524683481791638,-0.5227788398096157,0,0,0.26924004336666696,-0.43903577871677923,0.8571799018026884,0,-0.44811551457252985,0.7307187349821157,0.5150171025757625,0,-2860683.0364571405,4664767.502144638,3265760.293010793,1],"boundingVolume":{"region":[2.1200311240597594,0.5401549366464874,2.121776453311754,0.5419002658984801,0,50]},"geometricError":500,"content":{"url":"125.b3dm"}},{"refine":"add","transform":[-0.8533794705341611,-0.521290206383004,0,0,0.268473371692496,-0.43950502231214195,0.8571799018026884,0,-0.4468394879180866,0.7314997307529024,0.5150171025757625,0,-2852537.128347007,4669753.2285486115,3265760.2930107936,1],"boundingVolume":{"region":[2.118285794807767,0.5401549366464874,2.1200311240597594,0.5419002658984801,0,50]},"geometricError":500,"content":{"url":"126.b3dm"}},{"refine":"add","transform":[-0.8542879933472944,-0.5197999850160185,0,0,0.26770588220187463,-0.43997292709898583,0.8571799018026883,0,-0.4455621001130696,0.7322784982486494,0.5150171025757625,0,-2844382.5309140775,4674724.730074403,3265760.2930107936,1],"boundingVolume":{"region":[2.11654046555577,0.5401549366464874,2.118285794807767,0.5419002658984801,0,50]},"geometricError":500,"content":{"url":"127.b3dm"}},{"refine":"add","transform":[-0.8490861633137275,-0.5282543774254729,0,0,0.27240571616187037,-0.437849517741559,0.8567863943923378,0,-0.4526011633563401,0.7274854723939924,0.5156714791261752,0,-2889325.0877193124,4644137.480230923,3269917.1366425063,1],"boundingVolume":{"region":[2.1261397764417382,0.5410276012724817,2.128757770319733,0.5427729305244785,0,50]},"geometricError":500,"content":{"url":"128.b3dm"}},{"refine":"add","transform":[-0.8481051025067001,-0.5298280240814933,0,0,0.2720774234962637,-0.4355191508491549,0.8580774702014183,0,-0.45463349054566404,0.7277398808238639,0.5135202577627627,0,-2902277.5556416307,4645727.088704814,3256251.8830331457,1],"boundingVolume":{"region":[2.128757770319733,0.5384096073944936,2.1296304349457276,0.5401549366464874,0,50]},"geometricError":500,"content":{"url":"129.b3dm"}},{"refine":"add","transform":[-0.8549676778426626,-0.5186812796355051,0,0,0.266935709646647,-0.4400031633496699,0.8574045388016817,0,-0.44471968335094636,0.7330531675110329,0.5146430382724275,0,-2839001.0381948026,4679664.025514921,3263384.109863865,1],"boundingVolume":{"region":[2.1156678009297725,0.5401549366464857,2.1165404655557696,0.541027601272483,0,50]},"geometricError":500,"content":{"url":"13.b3dm"}},{"refine":"add","transform":[-0.8533794705341612,-0.521290206383004,0,0,0.2665211171330711,-0.4363090789741122,0.8594189209732945,0,-0.44800666668362726,0.7334104637472301,0.5112720589599027,0,-2859951.314277298,4681890.640658336,3241970.921906282,1],"boundingVolume":{"region":[2.118285794807767,0.5357916135164986,2.1200311240597594,0.5375369427684953,0,50]},"geometricError":500,"content":{"url":"130.b3dm"}},{"refine":"add","transform":[-0.8533794705341611,-0.5212902063830039,0,0,0.26730262994177356,-0.4375884565237763,0.8585252743765617,0,-0.4475408174647829,0.7326478440876656,0.5127712484691879,0,-2856992.168084107,4677046.362786515,3251494.005185505,1],"boundingVolume":{"region":[2.118285794807767,0.5375369427684953,2.1200311240597594,0.5392822720204891,0,50]},"geometricError":500,"content":{"url":"131.b3dm"}},{"refine":"add","transform":[-0.8533794705341611,-0.5212902063830039,0,0,0.26788823032672493,-0.4385471151372229,0.8578533230437677,0,-0.4471905358158314,0.7320744146150612,0.5138946157946832,0,-2854767.0948584885,4673403.800950656,3258629.904422008,1],"boundingVolume":{"region":[2.118285794807767,0.5392822720204891,2.1200311240597594,0.5401549366464874,0,50]},"geometricError":500,"content":{"url":"132.b3dm"}},{"refine":"add","transform":[-0.8553877008384947,-0.5179883022368691,0,0,0.2650826433100158,-0.43774817271733707,0.8591319627964074,0,-0.44502030680633997,0.7348909143732819,0.5117541113675518,0,-2840891.911974195,4691349.187656068,3245032.977203089,1],"boundingVolume":{"region":[2.113922471677779,0.5357916135164986,2.11654046555577,0.5384096073944936,0,50]},"geometricError":500,"content":{"url":"133.b3dm"}},{"refine":"add","transform":[-0.8542879933472944,-0.5197999850160184,0,0,0.2665384872709289,-0.43805432090092933,0.8585252743765617,0,-0.44626142475680985,0.7334278338850883,0.5127712484691878,0,-2848824.834951704,4682025.628711455,3251494.005185505,1],"boundingVolume":{"region":[2.11654046555577,0.5375369427684953,2.118285794807767,0.5392822720204891,0,50]},"geometricError":500,"content":{"url":"134.b3dm"}},{"refine":"add","transform":[-0.8542879933472944,-0.5197999850160184,0,0,0.26712241358988886,-0.43901400011921876,0.8578533230437677,0,-0.44591214446409205,0.7328537939293687,0.5138946157946832,0,-2846606.1225815616,4678379.188940116,3258629.9044220075,1],"boundingVolume":{"region":[2.11654046555577,0.5392822720204891,2.118285794807767,0.5401549366464874,0,50]},"geometricError":500,"content":{"url":"135.b3dm"}},{"refine":"add","transform":[-0.8551939138510452,-0.518308180248133,0,0,0.2661617503215697,-0.43915939907793455,0.8580774702014182,0,-0.4447485720920186,0.7338226301289544,0.5135202577627627,0,-2839174.4680689806,4684557.9868939705,3256251.883033146,1],"boundingVolume":{"region":[2.114795136303777,0.5384096073944936,2.11654046555577,0.5401549366464874,0,50]},"geometricError":500,"content":{"url":"136.b3dm"}},{"refine":"add","transform":[-0.8543005934045155,-0.5197792763363049,0,0,0.2721315161180918,-0.44727084415989077,0.8519936794951988,0,-0.44284865817112007,0.7278587059696449,0.5235520700944964,0,-2827144.472636282,4646647.741782574,3319979.813171908,1],"boundingVolume":{"region":[2.1156678009297756,0.5497542475324554,2.119158459433761,0.5523722414104465,0,50]},"geometricError":500,"content":{"url":"137.b3dm"}},{"refine":"add","transform":[-0.8551939138510452,-0.518308180248133,0,0,0.27061161037184983,-0.44650154295586186,0.8528808407216031,0,-0.4420551165229119,0.7293785042252777,0.5221056133868044,0,-2822064.191926026,4656326.51268733,3310790.6630275445,1],"boundingVolume":{"region":[2.114795136303777,0.548881582906457,2.11654046555577,0.5497542475324554,0,50]},"geometricError":500,"content":{"url":"138.b3dm"}},{"refine":"add","transform":[-0.8560596431865144,-0.5168770524093497,0,0,0.26925504363289815,-0.44594430242958627,0.8536014295962934,0,-0.44120699086213916,0.7307337352437016,0.520926673718254,0,-2816638.173473956,4664959.023679061,3303301.116914298,1],"boundingVolume":{"region":[2.1130498070517807,0.5471362536544633,2.114795136303777,0.548881582906457,0,50]},"geometricError":500,"content":{"url":"139.b3dm"}},{"refine":"add","transform":[-0.8499493805022711,-0.5268643569115351,0,0,0.2711470733984011,-0.4374205315594565,0.8574045388016818,0,-0.4517358909487795,0.7287504565943249,0.5146430382724276,0,-2883791.096742131,4652196.384173878,3263384.109863865,1],"boundingVolume":{"region":[2.1252671118157416,0.5401549366464857,2.1261397764417387,0.541027601272483,0,50]},"geometricError":500,"content":{"url":"14.b3dm"}},{"refine":"add","transform":[-0.8562904576859511,-0.5164945808776549,0,0,0.2680703803618524,-0.4444308172644149,0.8547628442078751,0,-0.4414803769689386,0.7319252670797066,0.5190187666757956,0,-2818364.702097704,4672534.601591172,3291180.796328988,1],"boundingVolume":{"region":[2.1121771424257862,0.5445182597764722,2.114795136303777,0.5471362536544633,0,50]},"geometricError":500,"content":{"url":"140.b3dm"}},{"refine":"add","transform":[-0.8576717545774829,-0.5141975898426422,0,0,0.26537325791946476,-0.44263752346132684,0.8565331615327179,0,-0.4404272872804219,0.7346242995055645,0.5160919910197865,0,-2811613.324963995,4689717.301773553,3272588.399741832,1],"boundingVolume":{"region":[2.109559148547793,0.5410276012724817,2.1121771424257862,0.5436455951504768,0,50]},"geometricError":500,"content":{"url":"141.b3dm"}},{"refine":"add","transform":[-0.8563226507798559,-0.5164412045541689,0,0,0.2661691844015336,-0.4413410462462946,0.8569551016087414,0,-0.4425669249236586,0.7338300642089183,0.5153910688271107,0,-2825265.560563516,4684635.680972323,3268135.862504512,1],"boundingVolume":{"region":[2.1121771424257862,0.5401549366464874,2.114795136303777,0.5427729305244785,0,50]},"geometricError":500,"content":{"url":"142.b3dm"}},{"refine":"add","transform":[-0.8565854364688735,-0.5160052228703014,0,0,0.26485032655947177,-0.4396601478429069,0.8582268108839844,0,-0.4428495168234584,0.7351445873903473,0.5132706314215782,0,-2827048.898303325,4692993.030190077,3254666.195497717,1],"boundingVolume":{"region":[2.1113044777997896,0.5375369427684953,2.114795136303777,0.5401549366464874,0,50]},"geometricError":500,"content":{"url":"143.b3dm"}},{"refine":"add","transform":[-0.850676547422221,-0.5256894631489297,0,0,0.2741392973977379,-0.4436152659902061,0.8532603010820984,0,-0.4485499496021424,0.7258485269769642,0.5214852429333803,0,-2863520.759418294,4633781.203264679,3306849.5735403304,1],"boundingVolume":{"region":[2.1226491179377525,0.5471362536544633,2.1261397764417382,0.5497542475324554,0,50]},"geometricError":500,"content":{"url":"144.b3dm"}},{"refine":"add","transform":[-0.8506383159532336,-0.5257513247080287,0,0,0.27136060888002006,-0.43904736042640236,0.8565050118072128,0,-0.4503086445767078,0.7285759808491917,0.5161387068890749,0,-2874694.703812307,4651106.61031348,3272885.15872132,1],"boundingVolume":{"region":[2.123521782563747,0.5419002658984801,2.1252671118157433,0.5427729305244785,0,50]},"geometricError":500,"content":{"url":"145.b3dm"}},{"refine":"add","transform":[-0.8526963723233166,-0.5224068305704435,0,0,0.2735287556974876,-0.44646617168974356,0.851968295973089,0,-0.44507405724580285,0.7264702753107305,0.5235933752987249,0,-2841351.8256007317,4637784.677390957,3320242.2217825046,1],"boundingVolume":{"region":[2.119158459433761,0.5497542475324554,2.1217764533117562,0.5523722414104465,0,50]},"geometricError":500,"content":{"url":"146.b3dm"}},{"refine":"add","transform":[-0.8540611065025447,-0.5201726889790051,0,0,0.2656565505191419,-0.4361761628265434,0.8597540067648323,0,-0.4472205535593367,0.734282458337569,0.5107083784821008,0,-2854927.4697853792,4687448.159985622,3238390.3744739955,1],"boundingVolume":{"region":[2.1174131301817685,0.5357916135164986,2.118285794807767,0.5362254273336627,0,50]},"geometricError":500,"content":{"url":"147.b3dm"}},{"refine":"add","transform":[-0.8545147672005835,-0.5194271004059499,0,0,0.2652759634736967,-0.43640816583208036,0.8597537880103706,0,-0.4465794171692585,0.7346723080115015,0.5107087467449707,0,-2850834.642947893,4689936.854165095,3238392.7137050102,1],"boundingVolume":{"region":[2.11654046555577,0.5357916135164986,2.1174131301817685,0.5362265693929582,0,50]},"geometricError":500,"content":{"url":"148.b3dm"}},{"refine":"add","transform":[-0.8537219168730312,-0.5207291893591496,0,0,0.2696445097580679,-0.4420751370366823,0.8554889897429012,0,-0.4454780881344988,0.7303497001870827,0.5178210003743284,0,-2843873.830533826,4662456.930705816,3283571.89519869,1],"boundingVolume":{"region":[2.1182857948077687,0.5440857023556798,2.118717055258722,0.5445182597764732,0,50]},"geometricError":500,"content":{"url":"149.b3dm"}},{"refine":"add","transform":[-0.8494892810369388,-0.5276058769605821,0,0,0.27152869152938264,-0.4371837445727103,0.8574045388016818,0,-0.45237167360444475,0.7283559652244487,0.5146430382724276,0,-2887849.80537832,4649678.030589438,3263384.109863865,1],"boundingVolume":{"region":[2.1261397764417387,0.5401549366464857,2.127012441067736,0.541027601272483,0,50]},"geometricError":500,"content":{"url":"15.b3dm"}},{"refine":"add","transform":[-0.8534948751148349,-0.5211012359923093,0,0,0.269837234088746,-0.4419576859597119,0.8554889075379482,0,-0.44579632709573513,0.7301553983012276,0.5178211361846173,0,-2845905.42776779,4661216.5350863775,3283572.7579384483,1],"boundingVolume":{"region":[2.1187151339854906,0.5440857023556798,2.119158459433763,0.5445182597764732,0,50]},"geometricError":500,"content":{"url":"150.b3dm"}},{"refine":"add","transform":[-0.8537214100921872,-0.5207300202122088,0,0,0.2694505364385812,-0.44175615576128535,0.8557148516065218,0,-0.44559641197295136,0.7305420897503466,0.5174476714992814,0,-2844625.507802918,4663679.076378269,3281200.314669195,1],"boundingVolume":{"region":[2.1182857948077687,0.5436455951504778,2.118719010065528,0.5440857023556798,0,50]},"geometricError":500,"content":{"url":"151.b3dm"}},{"refine":"add","transform":[-0.8534895488687119,-0.5211099595784776,0,0,0.2706209040772862,-0.4432310476702417,0.8545820994249367,0,-0.4453312432878193,0.729376890509466,0.5193163153054868,0,-2842951.1765221693,4656270.855134686,3293071.011279671,1],"boundingVolume":{"region":[2.1187359312103915,0.5458375017625533,2.119158459433763,0.546263589028467,0,50]},"geometricError":500,"content":{"url":"152.b3dm"}},{"refine":"add","transform":[-0.853716840212279,-0.5207375123207103,0,0,0.2704278271720696,-0.4433496428746327,0.8545817014504399,0,-0.445012749288102,0.7295707898655028,0.5193169702080523,0,-2840917.948404462,4657508.700315211,3293075.171636753,1],"boundingVolume":{"region":[2.1182857948077687,0.5458390098467005,2.1187359312103915,0.546263589028467,0,50]},"geometricError":500,"content":{"url":"153.b3dm"}},{"refine":"add","transform":[-0.8534896123342056,-0.5211098556327709,0,0,0.27042668000887193,-0.4429130629382088,0.8548084167917823,0,-0.44544909066804317,0.7295701042676345,0.5189437065635603,0,-2843699.813698653,4657498.2709574485,3290703.968489336,1],"boundingVolume":{"region":[2.1187359312103915,0.5453909244024715,2.119158459433763,0.5458390098467005,0,50]},"geometricError":500,"content":{"url":"154.b3dm"}},{"refine":"add","transform":[-0.853489570469537,-0.5211099241999958,0,0,0.2700321739331596,-0.44226684897046054,0.8552675951669582,0,-0.44568843168816613,0.7299619724355609,0.5181865886505828,0,-2845220.2497929083,4659987.645821538,3285894.3123299573,1],"boundingVolume":{"region":[2.1187359312103915,0.5445182597764732,2.119158459433763,0.544940466096705,0,50]},"geometricError":500,"content":{"url":"155.b3dm"}},{"refine":"add","transform":[-0.8537168648241639,-0.5207374719710502,0,0,0.26983906041351446,-0.44238444333833277,0.855267727537632,0,-0.44536995429637144,0.7301564829387145,0.5181863701725614,0,-2843187.127050844,4661229.373462891,3285892.9244351615,1],"boundingVolume":{"region":[2.1182857948077687,0.5445182597764732,2.1187359312103915,0.5449399634019899,0,50]},"geometricError":500,"content":{"url":"156.b3dm"}},{"refine":"add","transform":[-0.8534895916337966,-0.5211098895365308,0,0,0.2702265425042076,-0.44258523210076384,0.8550414773872287,0,-0.44557056983041077,0.7297690013651839,0.5185596127230362,0,-2844471.5228543268,4658761.783650077,3288263.9748384315,1],"boundingVolume":{"region":[2.1187359312103915,0.5449399634019899,2.119158459433763,0.5453909244024715,0,50]},"geometricError":500,"content":{"url":"157.b3dm"}},{"refine":"add","transform":[-0.8530350049405354,-0.5218536963039552,0,0,0.2710064445725166,-0.4429938609655519,0.854582907708197,0,-0.44596724918570435,0.728989134898959,0.5193149851997372,0,-2847011.362888118,4653795.439617775,3293062.5616031713,1],"boundingVolume":{"region":[2.119606544301415,0.5458343870553798,2.1200311240597616,0.546263589028467,0,50]},"geometricError":500,"content":{"url":"158.b3dm"}},{"refine":"add","transform":[-0.8532626215107904,-0.5214814462016206,0,0,0.2708134718534643,-0.44311262580334443,0.8545825087821177,0,-0.44564892257830785,0.7291833117406977,0.519315641670518,0,-2844979.2034208416,4655035.056253941,3293066.7319224947,1],"boundingVolume":{"region":[2.119158459433763,0.5458359024618498,2.119606544301415,0.546263589028467,0,50]},"geometricError":500,"content":{"url":"159.b3dm"}},{"refine":"add","transform":[-0.8490285346485652,-0.5283469952148021,0,0,0.27191010287945355,-0.4369466246515247,0.8574045388016818,0,-0.4530071117594017,0.7279609191798208,0.5146430382724276,0,-2891906.3147912575,4647156.136072913,3263384.109863865,1],"boundingVolume":{"region":[2.127012441067736,0.5401549366464857,2.127885105693733,0.541027601272483,0,50]},"geometricError":500,"content":{"url":"16.b3dm"}},{"refine":"add","transform":[-0.8530350690886322,-0.5218535914458693,0,0,0.27081194354241317,-0.4426760469917961,0.854809223543182,0,-0.4460852633070645,0.7291822450627585,0.5189423776735738,0,-2847761.0592733393,4655022.1973458035,3290695.5265689893,1],"boundingVolume":{"region":[2.119606544301415,0.5453909244024715,2.1200311240597616,0.5458359024618498,0,50]},"geometricError":500,"content":{"url":"160.b3dm"}},{"refine":"add","transform":[-0.8530350265721895,-0.5218536609443146,0,0,0.2704177998985189,-0.4420316889309717,0.8552673263248615,0,-0.4463243853286848,0.7295729864378538,0.5181870323745306,0,-2849280.104178811,4657504.414133329,3285897.1311130826,1],"boundingVolume":{"region":[2.119606544301415,0.5445182597764732,2.1200311240597616,0.5449415043324268,0,50]},"geometricError":500,"content":{"url":"161.b3dm"}},{"refine":"add","transform":[-0.8532626457027578,-0.5214814066180404,0,0,0.2702247883292586,-0.44214945134788697,0.8552674590121911,0,-0.4460060775603147,0.7297677748602172,0.5181868133741249,0,-2847248.0642804834,4658747.91597215,3285895.739899802,1],"boundingVolume":{"region":[2.119158459433763,0.5445182597764732,2.119606544301415,0.5449409991969395,0,50]},"geometricError":500,"content":{"url":"162.b3dm"}},{"refine":"add","transform":[-0.8530350479670327,-0.5218536259717682,0,0,0.2706124454071914,-0.44234990207941544,0.8550412086683725,0,-0.4462063550988736,0.7293801184502149,0.5185600558073564,0,-2848530.307632775,4656279.206802954,3288266.7895692335,1],"boundingVolume":{"region":[2.119606544301415,0.5449409991969395,2.1200311240597616,0.5453909244024715,0,50]},"geometricError":500,"content":{"url":"163.b3dm"}},{"refine":"add","transform":[-0.8530350501894002,-0.5218536223390305,0,0,0.2702269723106503,-0.44171980229695273,0.8554887490169348,0,-0.4464399025447732,0.7297618879541282,0.5178213980760548,0,-2850013.931826228,4658704.420751214,3283574.421613252,1],"boundingVolume":{"region":[2.1196065443014214,0.5440863239580908,2.1200311240597616,0.5445182597764732,0,50]},"geometricError":500,"content":{"url":"164.b3dm"}},{"refine":"add","transform":[-0.8530350252606282,-0.5218536630882257,0,0,0.27003223729306614,-0.4414014361752821,0.8557145335711552,0,-0.4465577639019398,0.7299544687607571,0.5174481974411549,0,-2850762.649988403,4659927.794228759,3281203.6557209305,1],"boundingVolume":{"region":[2.1196065443014214,0.5436455951504778,2.1200311240597616,0.5440869129532131,0,50]},"geometricError":500,"content":{"url":"165.b3dm"}},{"refine":"add","transform":[-0.8532626719880836,-0.5214813636092435,0,0,0.270034071936951,-0.44183744583707896,0.8554889078470368,0,-0.44612152221665524,0.72995675136573,0.5178211356739739,0,-2847981.430868775,4659948.3990312675,3283572.754694567,1],"boundingVolume":{"region":[2.119158459433763,0.5440857023556798,2.1196065443014214,0.5445182597764732,0,50]},"geometricError":500,"content":{"url":"166.b3dm"}},{"refine":"add","transform":[-0.8525795872697137,-0.522597404673047,0,0,0.2713919520850687,-0.44275619516666037,0.8545837349171804,0,-0.44660324194351775,0.7286006480031002,0.519313623945109,0,-2851071.465022252,4651315.355165017,3293053.914049334,1],"boundingVolume":{"region":[2.120477808090768,0.5458312723482062,2.120903788685756,0.546263589028467,0,50]},"geometricError":500,"content":{"url":"167.b3dm"}},{"refine":"add","transform":[-0.852807417156916,-0.5222255348430885,0,0,0.2711992097854641,-0.44287512233891513,0.8545832988217302,0,-0.44628522029514905,0.7287949758135966,0.5193143415841404,0,-2849041.253009467,4652555.936550568,3293058.4729481684,1],"boundingVolume":{"region":[2.1200311240597616,0.5458327927545313,2.120478662309881,0.546263589028467,0,50]},"geometricError":500,"content":{"url":"168.b3dm"}},{"refine":"add","transform":[-0.852579879425785,-0.5225969280414057,0,0,0.27119698069740594,-0.4424386686890586,0.8548100503089938,0,-0.44672110635039947,0.728793849624391,0.5189410158107911,0,-2851820.200379303,4652542.699965436,3290686.875185436,1],"boundingVolume":{"region":[2.1204769319170076,0.5453909244024715,2.120903788685756,0.5458327927545313,0,50]},"geometricError":500,"content":{"url":"169.b3dm"}},{"refine":"add","transform":[-0.8485671416880287,-0.5290877111098017,0,0,0.2722913071581528,-0.4367091719764767,0.8574045388016818,0,-0.453642204929737,0.7275653187612856,0.5146430382724276,0,-2895960.6218917356,4644630.7025448335,3263384.109863865,1],"boundingVolume":{"region":[2.127885105693733,0.5401549366464857,2.12875777031973,0.541027601272483,0,50]},"geometricError":500,"content":{"url":"17.b3dm"}},{"refine":"add","transform":[-0.8525802906839606,-0.5225962571022235,0,0,0.2708028199054772,-0.44179640358175404,0.8552670755462701,0,-0.4469593725032454,0.7291838518816599,0.5181874462841901,0,-2853333.788481519,4655020.233576008,3285899.7604991556,1],"boundingVolume":{"region":[2.1204752015241364,0.5445182597764732,2.120903788685756,0.5449425425681527,0,50]},"geometricError":500,"content":{"url":"170.b3dm"}},{"refine":"add","transform":[-0.8528644465628668,-0.5221323929704179,0,0,0.27060731038466573,-0.44201692351265326,0.8552150155924452,0,-0.44653546259551674,0.7293824809655043,0.5182733613694742,0,-2850628.450834304,4656289.647623728,3286445.5415051957,1],"boundingVolume":{"region":[2.1200311240597616,0.5447198614739495,2.1202602970269777,0.5449417762106822,0,50]},"geometricError":500,"content":{"url":"171.b3dm"}},{"refine":"add","transform":[-0.8525800896017729,-0.5225965851540106,0,0,0.270997928304323,-0.4421143278758782,0.8550409603882294,0,-0.44684148606569435,0.7289908986209824,0.5185604651902943,0,-2852584.9151025913,4653794.478580642,3288269.390209152,1],"boundingVolume":{"region":[2.1204760418186677,0.5449420336646602,2.120903788685756,0.5453909244024715,0,50]},"geometricError":500,"content":{"url":"172.b3dm"}},{"refine":"add","transform":[-0.8525804706417403,-0.5225959635132179,0,0,0.2706104370995379,-0.44148288530945684,0.8554898323835498,0,-0.4470755332302425,0.7293739239227904,0.5178196082501763,0,-2854071.69722547,4656227.68018991,3283563.051679879,1],"boundingVolume":{"region":[2.1204743409853926,0.5440817217745908,2.120903788685756,0.5445182597764732,0,50]},"geometricError":500,"content":{"url":"173.b3dm"}},{"refine":"add","transform":[-0.8525808068241274,-0.5225954150536725,0,0,0.27041533980042126,-0.44116523402905344,0.8557153617206562,0,-0.44719292462620974,0.7295664935075968,0.5174468279111263,0,-2854817.414135627,4657450.992043902,3281194.95576588,1],"boundingVolume":{"region":[2.120473471131263,0.5436455951504778,2.120903788685756,0.5440842764097347,0,50]},"geometricError":500,"content":{"url":"174.b3dm"}},{"refine":"add","transform":[-0.8528641578924723,-0.5221328644917538,0,0,0.2704184857891342,-0.4417079441754807,0.855434354346248,0,-0.44665038981946037,0.7295693002518036,0.5179112524402397,0,-2851358.5448648785,4657476.41949877,3284145.2249712986,1],"boundingVolume":{"region":[2.1200311240597616,0.5442962731870332,2.12026153794756,0.5445182597764732,0,50]},"geometricError":500,"content":{"url":"175.b3dm"}},{"refine":"add","transform":[-0.8521213196714407,-0.5233443002091476,0,0,0.271779159848926,-0.44251712736168297,0.854584507385534,0,-0.4472419309872614,0.7282096782041294,0.5193123527672185,0,-2855148.7808395093,4648819.421583418,3293045.8387202458,1],"boundingVolume":{"region":[2.1213577018898486,0.5458281576410327,2.121776453311758,0.546263589028467,0,50]},"geometricError":500,"content":{"url":"176.b3dm"}},{"refine":"add","transform":[-0.8523494722836628,-0.5229726351328159,0,0,0.271586458305493,-0.44263611299143185,0.8545841486599871,0,-0.4469241241674477,0.7284043481323234,0.5193129430883511,0,-2853119.9390252633,4650062.184941239,3293049.5888148868,1],"boundingVolume":{"region":[2.120903788685756,0.5458296491739328,2.1213585623423126,0.546263589028467,0,50]},"geometricError":500,"content":{"url":"177.b3dm"}},{"refine":"add","transform":[-0.8521211561896147,-0.5233445663939527,0,0,0.27158429320917027,-0.4421995312322242,0.8548108248379149,0,-0.44736060047365567,0.7284023883842823,0.5189397399890698,0,-2855902.6504091835,4650043.632247748,3290678.7703873287,1],"boundingVolume":{"region":[2.1213585623423126,0.5453909244024715,2.121776453311758,0.5458296491739328,0,50]},"geometricError":500,"content":{"url":"178.b3dm"}},{"refine":"add","transform":[-0.8521206564725259,-0.5233453800434581,0,0,0.2711912707416704,-0.4415586579455834,0.8552667690649587,0,-0.4475999122948413,0.7287904807147687,0.5181879521304859,0,-2857422.9209346846,4652509.008495148,3285902.9739182694,1],"boundingVolume":{"region":[2.121360320294959,0.5445182597764732,2.121776453311758,0.5449435808038756,0,50]},"geometricError":500,"content":{"url":"179.b3dm"}},{"refine":"add","transform":[-0.855419987042578,-0.5179349821821997,0,0,0.2669390640498344,-0.4408758214179475,0.8569551016087414,0,-0.4438470252826687,0.7330565219142209,0.5153910688271107,0,-2833437.4849769818,4679697.529741919,3268135.862504512,1],"boundingVolume":{"region":[2.1147951363037754,0.541027601272483,2.1156678009297725,0.5419002658984801,0,50]},"geometricError":500,"content":{"url":"18.b3dm"}},{"refine":"add","transform":[-0.8523488154704265,-0.5229737056164111,0,0,0.2709985294850932,-0.44167665242097065,0.8552669359463874,0,-0.44728211878307605,0.7289857597649246,0.5181876766933752,0,-2855394.163414703,4653755.6415366335,3285901.2241874035,1],"boundingVolume":{"region":[2.120903788685756,0.5445182597764732,2.1213611626755933,0.5449430857177334,0,50]},"geometricError":500,"content":{"url":"180.b3dm"}},{"refine":"add","transform":[-0.8521209064636116,-0.5233449730031164,0,0,0.2713862824644279,-0.44187665296252115,0.8550406477219532,0,-0.44748122469861296,0.7285980118000646,0.5185609807372925,0,-2856668.938451816,4651286.3424132075,3288272.6652653054,1],"boundingVolume":{"region":[2.1213594322827203,0.5449430857177334,2.121776453311758,0.5453909244024715,0,50]},"geometricError":500,"content":{"url":"181.b3dm"}},{"refine":"add","transform":[-0.8521215201370576,-0.5233439738062436,0,0,0.2719721126738164,-0.4428316779898586,0.8543601552603137,0,-0.44712423871565177,0.728018674244951,0.5196813688247568,0,-2854401.1146469796,4647606.046180249,3295390.067527126,1],"boundingVolume":{"region":[2.1213568555957716,0.546263589028467,2.121776453311758,0.5466928846213664,0,50]},"geometricError":500,"content":{"url":"182.b3dm"}},{"refine":"add","transform":[-0.8521218537224545,-0.5233434306539138,0,0,0.272166621098417,-0.44314901479126,0.8541336435531657,0,-0.44700523125404085,0.7278259436712377,0.5200535731543373,0,-2853645.084808881,4646381.701008421,3297754.559463731,1],"boundingVolume":{"region":[2.121355971496975,0.5466903885803586,2.121776453311758,0.5471362536544653,0,50]},"geometricError":500,"content":{"url":"183.b3dm"}},{"refine":"add","transform":[-0.8523496707631412,-0.5229723116475334,0,0,0.2717783671840503,-0.4429492663963329,0.8543608526434963,0,-0.4468070700881269,0.7282141914636007,0.5196802223197242,0,-2852376.3271232513,4648854.192025842,3295382.7841711934,1],"boundingVolume":{"region":[2.120903788685756,0.546263589028467,2.1213577018898486,0.5466903885803586,0,50]},"geometricError":500,"content":{"url":"184.b3dm"}},{"refine":"add","transform":[-0.8516668690481964,-0.5240835278518515,0,0,0.27196724019203106,-0.44196292313827884,0.8548114381